

NSsites Model 0: one-ratio

TREE # 1

  0  0.0000   4840.695940  x:  0.01201   0.05772   0.08839   0.07259   0.08256   0.08294   0.14508   0.07984   0.14300   0.05742   0.07273   0.09698   0.14222   0.08624   0.07182   2.15320   0.40777  
  1 99.0000   4790.519175  x:  0.19302   0.03783   0.08935   0.05067   0.10336   0.10148   0.12682   0.06751   0.11702   0.08298   0.06796   0.08585   0.13313   0.10466   0.02519   2.17830   0.18461  
  2 563.4270   4770.820896  x:  0.20058   0.03410   0.09025   0.05921   0.10459   0.10325   0.12542   0.06864   0.11397   0.08401   0.06942   0.08732   0.13236   0.10913   0.04728   2.18676   0.10652  
  3 888.2474   4769.344880  x:  0.19276   0.03413   0.09091   0.05992   0.10506   0.10361   0.12716   0.07061   0.11533   0.08337   0.07044   0.08920   0.13371   0.10685   0.03546   2.19126   0.09571  
  4 167.7298   4768.446341  x:  0.18803   0.03396   0.09283   0.05070   0.11384   0.11121   0.13150   0.07347   0.11635   0.08760   0.07024   0.09142   0.13944   0.11609   0.03554   2.23048   0.09493  
  5 42.2968   4765.954150  x:  0.18348   0.03248   0.09756   0.06927   0.13065   0.12325   0.13540   0.06983   0.11378   0.09408   0.06836   0.09090   0.14610   0.12985   0.03142   2.37179   0.09889  
  6 206.8962   4755.281528  x:  0.16374   0.01654   0.08094   0.05856   0.13566   0.11755   0.12610   0.04766   0.10528   0.08580   0.07261   0.08246   0.12760   0.11674   0.03001   2.96234   0.10755  
  7 497.9282   4748.526517  x:  0.15956   0.04972   0.07934   0.05254   0.13152   0.10760   0.12298   0.05716   0.10731   0.08119   0.07438   0.08198   0.11366   0.09827   0.03174   3.42245   0.11403  
  8 2235.5482   4744.864123  x:  0.16479   0.03965   0.09354   0.05346   0.10853   0.09811   0.12776   0.08148   0.11863   0.08245   0.07177   0.09064   0.11661   0.09077   0.03345   3.63900   0.11944  
  9 776.6230   4744.151986  x:  0.16613   0.04280   0.09210   0.05312   0.09361   0.09410   0.12879   0.07804   0.12131   0.07883   0.07073   0.09032   0.13049   0.09685   0.03234   3.67955   0.11961  
 10 136.2650   4744.132035  x:  0.16645   0.04268   0.09118   0.05334   0.09340   0.09533   0.12878   0.07830   0.12172   0.07909   0.07228   0.08999   0.13202   0.09543   0.03263   3.68043   0.11970  
 11  9.0058   4744.070599  x:  0.16590   0.04259   0.09122   0.05314   0.09347   0.09743   0.12732   0.07847   0.12211   0.07872   0.06892   0.08895   0.13361   0.09330   0.03297   3.68163   0.11959  
 12  2.6956   4742.362925  x:  0.15334   0.04425   0.09996   0.05250   0.09005   0.10803   0.10225   0.07774   0.12025   0.07808   0.07256   0.09856   0.13491   0.09586   0.03312   3.70972   0.11989  
 13  7.1014   4721.395502  x:  0.04141   0.04911   0.08288   0.06134   0.07453   0.13630   0.10035   0.09913   0.10111   0.09470   0.07063   0.08007   0.12385   0.11955   0.03758   3.99595   0.11823  
 14 104.1834   4716.178372  x:  0.01797   0.04957   0.08982   0.06218   0.08750   0.13087   0.11041   0.08801   0.10911   0.08658   0.07003   0.09196   0.13137   0.11340   0.04252   4.07238   0.11784  
 15 400.9881   4716.047992  x:  0.01827   0.04902   0.08797   0.06285   0.08908   0.13211   0.10993   0.09024   0.11275   0.07977   0.07053   0.09133   0.13036   0.11563   0.04232   4.07451   0.11792  
 16 28.7246   4716.017906  x:  0.01827   0.04932   0.08972   0.06264   0.08796   0.13389   0.11106   0.08859   0.11464   0.07962   0.07104   0.09023   0.12894   0.11563   0.04239   4.07471   0.11781  
 17  2.3172   4715.641826  x:  0.02028   0.04994   0.08575   0.06381   0.08548   0.13807   0.11598   0.08486   0.11654   0.07961   0.06846   0.09944   0.12617   0.11459   0.04332   4.07661   0.11784  
 18  3.0808   4711.834518  x:  0.03255   0.04754   0.10194   0.06489   0.10194   0.11271   0.12891   0.07622   0.11624   0.07053   0.07286   0.09699   0.14423   0.10319   0.05288   4.09591   0.11621  
 19 15.5132   4711.578737  x:  0.03298   0.04735   0.09945   0.06557   0.10439   0.10777   0.12614   0.07500   0.12472   0.07578   0.07220   0.09608   0.14496   0.10374   0.05329   4.09713   0.11584  
 20 42.6761   4710.446348  x:  0.02851   0.04801   0.09195   0.06831   0.09763   0.09395   0.13972   0.07617   0.12973   0.06913   0.07379   0.09596   0.14560   0.09538   0.05589   4.04772   0.12041  
 21  0.0532   4710.252192  x:  0.02750   0.04876   0.09146   0.06915   0.09692   0.09947   0.14414   0.07816   0.13003   0.07175   0.07394   0.09473   0.14209   0.09785   0.05599   3.92362   0.12096  
 22  0.0917   4710.187706  x:  0.02771   0.04964   0.09335   0.06872   0.09658   0.09668   0.14330   0.07816   0.13060   0.07092   0.07344   0.09548   0.14244   0.09741   0.05629   3.82020   0.12004  
 23  0.0644   4710.184260  x:  0.02777   0.04956   0.09295   0.06861   0.09655   0.09713   0.14217   0.07846   0.13050   0.07080   0.07352   0.09558   0.14304   0.09712   0.05656   3.81623   0.11972  
 24  0.0036   4710.184188  x:  0.02775   0.04956   0.09292   0.06859   0.09662   0.09714   0.14215   0.07841   0.13047   0.07086   0.07355   0.09557   0.14311   0.09714   0.05656   3.81499   0.11980  
 25  0.0011   4710.184185  x:  0.02775   0.04955   0.09292   0.06860   0.09661   0.09714   0.14215   0.07840   0.13046   0.07085   0.07355   0.09556   0.14310   0.09715   0.05657   3.81503   0.11981  
 26  0.0000   4710.184185  x:  0.02775   0.04954   0.09292   0.06860   0.09661   0.09714   0.14214   0.07840   0.13045   0.07085   0.07354   0.09556   0.14310   0.09715   0.05657   3.81502   0.11981  
 27  0.0000   4710.184185  x:  0.02775   0.04954   0.09292   0.06860   0.09661   0.09714   0.14214   0.07840   0.13045   0.07085   0.07354   0.09556   0.14310   0.09715   0.05657   3.81501   0.11981  
 28  0.0000   4710.184185  x:  0.02775   0.04954   0.09292   0.06860   0.09661   0.09714   0.14214   0.07840   0.13045   0.07085   0.07354   0.09556   0.14310   0.09715   0.05657   3.81501   0.11981  
 29  0.0000   4710.184185  x:  0.02775   0.04954   0.09292   0.06860   0.09661   0.09714   0.14214   0.07840   0.13045   0.07085   0.07354   0.09556   0.14310   0.09715   0.05657   3.81501   0.11981  

NSsites Model 8: beta&w>1

TREE # 1

  0  0.0000   4714.970056  x:  0.01201   0.05772   0.08839   0.07259   0.08256   0.08294   0.14508   0.07984   0.14300   0.05742   0.07273   0.09698   0.14222   0.08624   0.07182   4.01468   0.90000   0.20089   1.29374   2.64789  
  1 99.0000   4674.252463  x:  0.06140   0.06523   0.10071   0.07925   0.10149   0.10046   0.15402   0.09020   0.14938   0.07546   0.08311   0.10631   0.15261   0.10310   0.07196   4.01496   0.98009   0.18522   1.29618   2.64483  
  2 773.2550   4670.258365  x:  0.04624   0.05682   0.10039   0.07615   0.10295   0.10270   0.15438   0.08918   0.14752   0.07593   0.08130   0.10531   0.15372   0.10382   0.06470   4.01488   0.99999   0.18003   1.29670   2.64445  
  3 252.1304   4669.765797  x:  0.04823   0.05106   0.10069   0.07238   0.10712   0.10670   0.15337   0.08686   0.14321   0.07879   0.07926   0.10309   0.15441   0.10682   0.05621   4.01471   0.99823   0.17496   1.29669   2.64301  
  4 67.0515   4669.651728  x:  0.04804   0.05141   0.09988   0.07268   0.10901   0.10829   0.15119   0.08382   0.13813   0.07931   0.07791   0.10114   0.15303   0.10786   0.05883   4.01440   0.99832   0.17046   1.29632   2.64089  
  5 28.1793   4669.625648  x:  0.04770   0.05254   0.09973   0.07341   0.10909   0.10860   0.15028   0.08391   0.13652   0.08013   0.07925   0.10194   0.15134   0.10653   0.05778   4.01398   0.99829   0.16904   1.29542   2.63810  
  6 12.0017   4669.567608  x:  0.04770   0.05062   0.09958   0.07188   0.10860   0.10954   0.14914   0.08632   0.13584   0.08137   0.07886   0.10312   0.14725   0.10555   0.05914   4.01194   0.99836   0.16827   1.29050   2.62448  
  7 11.8177   4669.188753  x:  0.04502   0.05393   0.10088   0.07364   0.10833   0.11157   0.14517   0.08836   0.13624   0.07791   0.07139   0.09993   0.13785   0.10673   0.05557   3.99597   0.99999   0.16783   1.25174   2.51855  
  8 50.0232   4667.409864  x:  0.02781   0.05262   0.09917   0.07408   0.10991   0.11561   0.13979   0.08314   0.13884   0.07275   0.08059   0.09691   0.13243   0.11277   0.05653   3.92879   0.99902   0.15565   1.08952   2.07317  
  9 384.6249   4666.625504  x:  0.02628   0.05210   0.09637   0.07193   0.10704   0.11214   0.14032   0.08082   0.13754   0.07174   0.07831   0.09682   0.13456   0.10757   0.05621   3.90985   0.99999   0.14955   1.04402   1.94803  
 10 789.3463   4666.488207  x:  0.02534   0.05016   0.09971   0.07500   0.10411   0.10793   0.14162   0.08361   0.13591   0.07211   0.07736   0.09573   0.13593   0.10815   0.05621   3.90398   0.99935   0.14452   1.03023   1.91075  
 11 138.3611   4666.477574  x:  0.02545   0.05060   0.09965   0.07392   0.10361   0.10673   0.14132   0.08434   0.13539   0.07127   0.07788   0.09548   0.13589   0.10906   0.05598   3.90331   0.99949   0.14385   1.02872   1.90804  
 12 13.7836   4666.471248  x:  0.02544   0.05046   0.09865   0.07434   0.10412   0.10594   0.14022   0.08497   0.13533   0.07161   0.07764   0.09579   0.13638   0.10945   0.05588   3.90179   0.99957   0.14370   1.02528   1.90730  
 13  2.8291   4666.411858  x:  0.02565   0.05026   0.09984   0.07389   0.10431   0.10581   0.13834   0.08521   0.13512   0.07143   0.07776   0.09543   0.13741   0.10845   0.05604   3.89154   0.99999   0.14188   1.00220   1.90448  
 14 10.8714   4666.411858  x:  0.02565   0.05026   0.09984   0.07389   0.10431   0.10581   0.13834   0.08521   0.13512   0.07143   0.07776   0.09543   0.13741   0.10845   0.05604   3.89154   0.99999   0.14188   1.00220   1.90448  
 15 197.2962   4665.999274  x:  0.02709   0.05015   0.09640   0.07078   0.10218   0.10364   0.13959   0.08259   0.13389   0.07111   0.07538   0.09582   0.13907   0.10373   0.05616   3.89144   0.99401   0.14174   1.00192   1.90448  
 16 82.2933   4665.704780  x:  0.02775   0.05041   0.09229   0.06773   0.09944   0.10071   0.14201   0.07937   0.13245   0.07107   0.07288   0.09676   0.14200   0.09752   0.05685   3.89129   0.99720   0.13830   1.00201   1.90441  
 17 73.2560   4665.684336  x:  0.02637   0.05012   0.09257   0.06867   0.09860   0.09967   0.14272   0.07894   0.13199   0.07101   0.07324   0.09656   0.14285   0.09713   0.05671   3.89115   0.99689   0.13743   1.00185   1.90438  
 18 16.4098   4665.677665  x:  0.02705   0.05025   0.09298   0.06922   0.09818   0.09899   0.14324   0.07887   0.13172   0.07094   0.07356   0.09631   0.14348   0.09733   0.05674   3.89099   0.99673   0.13682   1.00160   1.90434  
 19 10.4957   4665.676060  x:  0.02703   0.05003   0.09308   0.06879   0.09814   0.09873   0.14356   0.07913   0.13173   0.07088   0.07355   0.09617   0.14392   0.09772   0.05672   3.89072   0.99673   0.13669   1.00113   1.90427  
 20  3.4787   4665.673629  x:  0.02692   0.05054   0.09300   0.06893   0.09835   0.09852   0.14384   0.07953   0.13205   0.07074   0.07334   0.09633   0.14461   0.09771   0.05670   3.88944   0.99681   0.13692   0.99882   1.90394  
 21  2.4700   4665.662086  x:  0.02728   0.04938   0.09289   0.06940   0.09840   0.09833   0.14398   0.07947   0.13299   0.07065   0.07393   0.09693   0.14565   0.09727   0.05706   3.88230   0.99734   0.13686   0.98604   1.90211  
 22  9.8273   4665.550004  x:  0.02713   0.05027   0.09433   0.06832   0.09680   0.09845   0.14298   0.07707   0.13444   0.07080   0.07416   0.09610   0.14614   0.09740   0.05619   3.82923   0.99999   0.12857   0.89156   1.88855  
 23 52.4620   4665.486090  x:  0.02696   0.05006   0.09329   0.06884   0.09700   0.09890   0.14292   0.07826   0.13369   0.07092   0.07350   0.09611   0.14544   0.09753   0.05753   3.78724   0.99999   0.11978   0.81691   1.87785  
 24 305.1446   4665.479961  x:  0.02704   0.04998   0.09323   0.06877   0.09759   0.09900   0.14298   0.07855   0.13369   0.07091   0.07384   0.09664   0.14542   0.09726   0.05659   3.78335   0.99999   0.11846   0.81010   1.87684  
 25 42.1894   4665.479652  x:  0.02701   0.05001   0.09335   0.06870   0.09784   0.09892   0.14298   0.07843   0.13374   0.07082   0.07387   0.09675   0.14541   0.09725   0.05673   3.78319   0.99999   0.11833   0.80992   1.87678  
 26  1.8213   4665.479589  x:  0.02702   0.04997   0.09335   0.06873   0.09794   0.09883   0.14304   0.07838   0.13374   0.07082   0.07381   0.09669   0.14534   0.09725   0.05669   3.78306   0.99999   0.11835   0.80986   1.87670  
 27  0.5768   4665.479473  x:  0.02700   0.05002   0.09330   0.06870   0.09796   0.09875   0.14318   0.07838   0.13376   0.07091   0.07392   0.09668   0.14521   0.09725   0.05672   3.78273   0.99999   0.11841   0.81004   1.87643  
 28  0.4420   4665.478093  x:  0.02701   0.04998   0.09338   0.06878   0.09780   0.09905   0.14386   0.07839   0.13381   0.07064   0.07373   0.09685   0.14482   0.09730   0.05673   3.77855   0.99999   0.11857   0.81293   1.87276  
 29  1.6420   4665.472326  x:  0.02699   0.04994   0.09291   0.06896   0.09819   0.09900   0.14336   0.07873   0.13274   0.07087   0.07375   0.09636   0.14481   0.09739   0.05680   3.76069   0.99999   0.11929   0.82485   1.85712  
 30 13.3917   4665.471870  x:  0.02700   0.04994   0.09304   0.06892   0.09807   0.09871   0.14319   0.07891   0.13260   0.07089   0.07367   0.09659   0.14466   0.09737   0.05681   3.75927   0.99999   0.11941   0.82567   1.85585  
 31  6.6295   4665.471843  x:  0.02700   0.04994   0.09302   0.06892   0.09805   0.09867   0.14315   0.07895   0.13266   0.07082   0.07369   0.09655   0.14463   0.09735   0.05681   3.75930   0.99999   0.11938   0.82569   1.85574  
 32  0.2414   4665.471525  x:  0.02700   0.04992   0.09302   0.06897   0.09803   0.09865   0.14312   0.07897   0.13286   0.07105   0.07355   0.09656   0.14460   0.09740   0.05682   3.76089   0.99999   0.11921   0.82558   1.85407  
 33  0.3089   4665.465574  x:  0.02694   0.05003   0.09283   0.06910   0.09812   0.09863   0.14325   0.07915   0.13180   0.07090   0.07358   0.09647   0.14402   0.09778   0.05679   3.78970   0.99999   0.11823   0.82000   1.82213  
 34  8.9240   4665.465397  x:  0.02694   0.05002   0.09298   0.06906   0.09815   0.09868   0.14328   0.07926   0.13177   0.07094   0.07359   0.09635   0.14400   0.09760   0.05683   3.79056   0.99999   0.11821   0.81984   1.82118  
 35  5.1035   4665.465066  x:  0.02691   0.05016   0.09313   0.06898   0.09806   0.09877   0.14317   0.07913   0.13175   0.07096   0.07359   0.09622   0.14382   0.09773   0.05674   3.78849   0.99999   0.11806   0.81906   1.82210  
 36  0.0027   4665.465065  x:  0.02691   0.05017   0.09313   0.06898   0.09807   0.09877   0.14316   0.07914   0.13176   0.07096   0.07359   0.09622   0.14381   0.09773   0.05674   3.78862   0.99999   0.11809   0.81926   1.82171  
 37  0.0004   4665.465063  x:  0.02691   0.05017   0.09312   0.06898   0.09807   0.09878   0.14316   0.07914   0.13176   0.07096   0.07359   0.09623   0.14381   0.09773   0.05674   3.78861   0.99999   0.11809   0.81923   1.81773  
 38  0.0005   4665.465019  x:  0.02689   0.05023   0.09309   0.06895   0.09807   0.09882   0.14315   0.07913   0.13176   0.07096   0.07354   0.09626   0.14383   0.09768   0.05678   3.78836   0.99999   0.11801   0.81874   1.66273  
 39  0.0771   4665.464865  x:  0.02691   0.05017   0.09313   0.06898   0.09807   0.09877   0.14316   0.07913   0.13176   0.07096   0.07359   0.09622   0.14381   0.09773   0.05674   3.78857   0.99999   0.11808   0.81919   1.14818  
 40  0.0643   4665.464861  x:  0.02691   0.05017   0.09313   0.06898   0.09807   0.09877   0.14316   0.07913   0.13176   0.07096   0.07359   0.09623   0.14381   0.09773   0.05674   3.78855   0.99999   0.11807   0.81907   1.00000  
 41  0.0737   4665.464860  x:  0.02691   0.05017   0.09313   0.06898   0.09807   0.09877   0.14316   0.07913   0.13176   0.07096   0.07359   0.09622   0.14381   0.09773   0.05674   3.78856   0.99999   0.11808   0.81912   1.00000  
 42  0.0000   4665.464860  x:  0.02691   0.05017   0.09313   0.06898   0.09807   0.09877   0.14316   0.07913   0.13176   0.07096   0.07359   0.09622   0.14381   0.09773   0.05674   3.78856   0.99999   0.11807   0.81911   1.00000  
 43  0.0000   4665.464860  x:  0.02691   0.05017   0.09313   0.06898   0.09807   0.09877   0.14316   0.07913   0.13176   0.07096   0.07359   0.09622   0.14381   0.09773   0.05674   3.78856   0.99999   0.11807   0.81911   1.00000  